Код валюти Курс грн. Курс грн. Курс грн. Рік
           на 1.10   на 1.11   на 1.12
103           5,65      6,05      10,03  2003
104           1,13      1,23      2,00   2003
105           2,28      2,52      4,12   2003
106           2,02      2,24      3,66   2003
109           2,68      3,18      5,12   2003
111           3,34      3,96      6,53   2003
103           1,10      11,21     13,50  2004
104           2,50      2,60      2,75   2004
105           4,44      4,65      4,70   2004
106           4,05      4,25      4,50   2004
109           6,05      6,30      6,80   2004
111           7,00      7,25      7,50   2004
103           13,64     13,70     13,80  2005
104           2,80      2,83      2,85   2005
105           4,75      4,80      4,85   2005
106           4,62      4,64      4,66   2005
109           6,90      6,95      7,00   2005
111           7,65      7,75      7,85   2005